pose 0 0 0
pose 0.0934647 -0.00100403 0.0395558
pose 0.306804 0.0116577 0.0337398
pose 0.528087 0.0227951 0.0164357
pose 0.738626 0.0317215 0.0208823
pose 0.954855 0.0402542 0.0353233
pose 1.1479 0.0494385 -0.00130874
pose 1.1817 0.0532913 0.0440106
pose 1.1822 0.0532013 0.109563
pose 1.18065 0.0519089 0.223483
pose 1.18152 0.056427 0.369078
pose 1.1804 0.0530472 0.502762
pose 1.18987 0.0550735 0.647961
pose 1.19172 0.0631455 0.776972
pose 1.18734 0.0522095 0.899585
pose 1.19364 0.0558624 1.01467
pose 1.20015 0.0595505 1.15948
pose 1.19332 0.0633011 1.2671
pose 1.1937 0.0691513 1.30833
pose 1.19347 0.0646042 1.36442
pose 1.19172 0.0679306 1.45669
pose 1.19015 0.0723724 1.49635
pose 1.19002 0.13488 1.44754
pose 1.20171 0.225888 1.48255
pose 1.21859 0.42543 1.48875
pose 1.22379 0.454915 1.55059
pose 1.22483 0.444191 1.65384
pose 1.22697 0.444061 1.78891
pose 1.22826 0.440872 1.92168
pose 1.22791 0.442854 2.06317
pose 1.22732 0.445055 2.15343
pose 1.2283 0.445108 2.27523
pose 1.23442 0.43893 2.42792
pose 1.22717 0.441685 2.55614
pose 1.23873 0.441554 2.66866
pose 1.22876 0.444652 2.76984
pose 1.22507 0.443666 2.8362
pose 1.2227 0.447919 2.89757
pose 1.22803 0.443893 3.00244
pose 1.22532 0.444492 3.05525
pose 1.22393 0.444899 3.09167
pose 1.18615 0.45063 3.05339
pose 0.977786 0.464772 3.05201
pose 0.807275 0.480617 3.103
pose 0.59796 0.497588 3.06058
pose 0.380591 0.502515 3.0745
pose 0.166817 0.508939 3.08391
pose -0.00937347 0.511539 3.04783
pose -0.159802 0.51723 -3.12194
pose -0.155472 0.515308 -3.00471
pose -0.154709 0.510912 -2.86799
pose -0.153125 0.514339 -2.71177
pose -0.147227 0.517101 -2.59576
pose -0.152472 0.520357 -2.50953
pose -0.152835 0.521063 -2.37002
pose -0.153801 0.520709 -2.25342
pose -0.158777 0.519598 -2.13216
pose -0.159717 0.526321 -1.9673
pose -0.155772 0.528947 -1.89055
pose -0.159254 0.520184 -1.82586
pose -0.160112 0.519218 -1.73109
pose -0.161472 0.526181 -1.61117
pose -0.157813 0.526697 -1.47182
pose -0.158586 0.516362 -1.38589
pose -0.158777 0.511955 -1.34513
pose -0.10183 0.301501 -1.32862
pose -0.0482635 0.101788 -1.33402
pose -0.0310104 0.0424438 -1.29451
pose -0.0308334 0.0501755 -1.20342
pose -0.0327271 0.0560699 -1.08371
pose -0.0312927 0.0621979 -0.963876
pose -0.0337662 0.063269 -0.835416
pose -0.0388565 0.0673035 -0.732408
pose -0.0307205 0.0633423 -0.590623
pose -0.0390442 0.0649948 -0.445222
pose -0.0340439 0.07146 -0.307872
pose -0.0272339 0.0672394 -0.190128
constraint 77 0 -0.0126396 0.0795307 -0.2209
pose -0.0203262 -0.00683746 0.016881
constraint 78 0 0.0331081 0.0770955 -0.110732
pose -0.0106613 -0.00406342 0.0794797
constraint 79 0 0.0222712 0.0539654 -0.0527981
pose -0.0118347 0.00328217 0.124246
constraint 80 0 0.0190061 0.0586185 -0.0250769
pose -0.00426788 0.00804291 0.195147
constraint 81 1 -0.113888 0.0665217 -0.000321566
pose 6.40869e-05 0.00929718 0.231824
constraint 82 1 -0.109775 0.0621122 0.0332605
